2, 1, 1537, 832, 2000, 2129893, 3792124, 1992.221769 
3, 2, 410, 422, 2000, 3296990, 5694271, 2951.130546 
4, 3, 297, 125, 2000, 3851279, 6658183, 3852.357946 
5, 4, 63, 62, 2000, 4247633, 7374670, 4545.778171 
6, 5, 39, 23, 2000, 4552388, 7950385, 5046.005682 
7, 6, 15, 8, 2000, 4821276, 8467737, 5437.020331 
8, 7, 3, 5, 2000, 5078966, 8971447, 5800.416812 
9, 8, 0, 5, 2000, 5334504, 9470202, 6152.405529 
10, 8, 0, 5, 4000, 5604722, 9988241, 6549.641701 
11, 8, 3, 2, 8000, 5871292, 10501555, 6938.960020 
12, 9, 0, 2, 8000, 6132757, 11009778, 7313.108395 
13, 9, 1, 1, 16000, 6400342, 11523894, 7700.405648 
14, 10, 1, 0, 16000, 6658336, 12025840, 8059.557130 
