1, 1, 0, 2368, 1, 2368, 0, 23.963343 
2, 1, 1, 2367, 2, 7103, 4734, 57.092412 
3, 2, 0, 2367, 2, 11838, 9468, 90.623469 
4, 2, 5, 2362, 4, 21302, 23593, 137.561899 
5, 3, 0, 2362, 4, 30763, 37718, 184.184588 
6, 3, 100, 2262, 8, 49352, 73983, 268.862139 
7, 4, 1, 2261, 8, 67914, 110248, 354.659226 
8, 5, 0, 2261, 8, 86476, 146513, 440.787981 
9, 5, 139, 2122, 16, 122273, 184826, 566.682081 
10, 6, 2, 2120, 16, 157877, 223139, 690.989722 
11, 7, 0, 2120, 16, 193479, 261452, 815.318440 
12, 7, 167, 1953, 32, 261198, 383991, 1020.354227 
13, 8, 28, 1925, 32, 328296, 517651, 1234.700224 
14, 9, 12, 1913, 32, 395292, 651986, 1451.969758 
15, 10, 5, 1908, 32, 462251, 785017, 1668.986563 
16, 11, 1, 1907, 32, 529207, 917613, 1887.243371 
17, 12, 1, 1906, 32, 596162, 1049677, 2105.875083 
18, 13, 0, 1906, 32, 663118, 1181667, 2323.568732 
19, 13, 297, 1609, 64, 785078, 1414470, 2669.039011 
20, 14, 52, 1557, 64, 905578, 1649157, 3021.141014 
21, 15, 6, 1551, 64, 1025977, 1883867, 3386.355912 
22, 16, 1, 1550, 64, 1146292, 2118363, 3746.985895 
23, 17, 1, 1549, 64, 1266620, 2353298, 4100.515983 
24, 18, 0, 1549, 64, 1386947, 2588245, 4455.839069 
25, 18, 397, 1152, 128, 1592156, 2962550, 4995.117827 
26, 19, 110, 1042, 128, 1792066, 3338559, 5574.337465 
27, 20, 68, 974, 128, 1988942, 3713370, 6188.657222 
28, 21, 35, 939, 128, 2184284, 4089210, 6816.438251 
29, 22, 20, 919, 128, 2378636, 4466234, 7455.166999 
30, 23, 11, 908, 128, 2572419, 4843542, 8094.457772 
31, 24, 5, 903, 128, 2766046, 5220818, 8717.738939 
32, 25, 6, 897, 128, 2959801, 5599353, 9354.312594 
33, 26, 3, 894, 128, 3153288, 5978283, 9983.227746 
34, 27, 0, 894, 128, 3346715, 6357490, 10611.819324 
35, 27, 254, 640, 256, 3631631, 6880886, 11412.064713 
36, 28, 143, 497, 256, 3905529, 7390627, 12299.621840 
37, 29, 107, 390, 256, 4170732, 7890163, 13260.951003 
38, 30, 61, 329, 256, 4431143, 8385226, 14199.222870 
39, 31, 49, 280, 256, 4686824, 8875779, 15280.958927 
40, 32, 39, 241, 256, 4940503, 9363927, 16300.433364 
41, 33, 14, 227, 256, 5192703, 9850890, 17321.797286 
42, 34, 10, 217, 256, 5444268, 10336596, 18309.835641 
43, 35, 6, 211, 256, 5695618, 10822393, 19304.752882 
44, 36, 6, 205, 256, 5946461, 11307709, 20330.929859 
45, 37, 8, 197, 256, 6196786, 11791824, 21360.663831 
46, 38, 9, 188, 256, 6446544, 12275034, 22356.238949 
47, 39, 4, 184, 256, 6695536, 12758176, 23357.796721 
48, 40, 5, 179, 256, 6944160, 13241031, 24341.667502 
49, 41, 1, 178, 256, 7192840, 13723434, 25392.831702 
50, 42, 6, 172, 256, 7441676, 14205366, 26455.941913 
51, 43, 2, 170, 256, 7690164, 14687336, 27478.577869 
52, 44, 1, 169, 256, 7938621, 15169280, 28494.124522 
53, 45, 1, 168, 256, 8187033, 15651107, 29517.941668 
54, 46, 0, 168, 256, 8435556, 16132732, 30574.810335 
55, 46, 72, 96, 512, 8712989, 16657629, 31651.146608 
56, 47, 31, 65, 512, 8982058, 17171332, 32706.405158 
57, 48, 20, 45, 512, 9243797, 17673604, 33823.121780 
58, 49, 1, 44, 512, 9503172, 18173278, 34904.720277 
59, 50, 1, 43, 512, 9762239, 18673058, 36027.802336 
60, 51, 1, 42, 512, 10020903, 19171901, 37125.625680 
61, 52, 3, 39, 512, 10278698, 19670409, 38277.408702 
62, 53, 2, 37, 512, 10535873, 20168489, 39400.268314 
63, 54, 0, 37, 512, 10792499, 20665861, 40524.744845 
64, 54, 11, 26, 1024, 11065638, 21187962, 41789.237972 
65, 55, 4, 22, 1024, 11331515, 21699952, 42989.049295 
66, 56, 2, 20, 1024, 11595565, 22209076, 44161.954353 
67, 57, 1, 19, 1024, 11857739, 22714795, 45339.075273 
68, 58, 0, 19, 1024, 12119935, 23220576, 46549.198257 
69, 58, 5, 14, 2048, 12399462, 23751506, 47803.951094 
70, 59, 3, 11, 2048, 12671015, 24271106, 49047.901315 
71, 60, 0, 11, 2048, 12937909, 24783827, 50348.793228 
72, 60, 2, 9, 4096, 13225137, 25325252, 51656.924947 
73, 61, 2, 7, 4096, 13505889, 25856988, 52936.043123 
74, 62, 0, 7, 4096, 13779994, 26378959, 54180.330205 
75, 62, 3, 4, 8192, 14078798, 26933256, 55560.220047 
76, 63, 2, 2, 8192, 14351414, 27452721, 56778.726583 
77, 64, 0, 2, 8192, 14614551, 27958288, 57976.257719 
78, 64, 0, 2, 16384, 14893993, 28484277, 59231.751368 
79, 64, 1, 1, 32768, 15191358, 29031120, 60503.629951 
80, 65, 0, 1, 32768, 15471275, 29554806, 61732.010310 
81, 65, 1, 0, 65536, 15768132, 30097226, 63002.908234 
