1, 1537, 832, 2000, 2129893, 3792124, 1863.929457 
1, 410, 422, 2000, 3296990, 5694271, 2831.618655 
1, 297, 125, 2000, 3851279, 6658183, 3775.743550 
1, 63, 62, 2000, 4247633, 7374670, 4500.848266 
1, 39, 23, 2000, 4552388, 7950385, 5024.531065 
1, 15, 8, 2000, 4821276, 8467737, 5431.489734 
1, 3, 5, 2000, 5078966, 8971447, 5805.266098 
1, 0, 5, 2000, 5334504, 9470202, 6162.064095 
1, 0, 5, 4000, 5604722, 9988241, 6568.450248 
1, 3, 2, 8000, 5871292, 10501555, 6971.961750 
1, 0, 2, 8000, 6132757, 11009778, 7345.734747 
1, 1, 1, 16000, 6400342, 11523894, 7730.055457 
1, 1, 0, 16000, 6658336, 12025840, 8090.317638 
