1, 1, 0, 2368, 1, 2368, 0, 24.386840 
2, 1, 1, 2367, 2, 7103, 4734, 61.850238 
3, 1, 0, 2367, 2, 11838, 9468, 102.535249 
4, 1, 5, 2362, 4, 21302, 23593, 154.926631 
5, 1, 0, 2362, 4, 30763, 37718, 206.490856 
6, 1, 100, 2262, 8, 49352, 73983, 299.115818 
7, 1, 1, 2261, 8, 67914, 110248, 403.454818 
8, 1, 0, 2261, 8, 86476, 146513, 499.002244 
9, 1, 139, 2122, 16, 122273, 184826, 641.840662 
10, 1, 2, 2120, 16, 157877, 223139, 791.412371 
11, 1, 0, 2120, 16, 193479, 261452, 925.233940 
12, 1, 167, 1953, 32, 261198, 383991, 1151.293418 
13, 1, 28, 1925, 32, 328296, 517651, 1384.155389 
14, 1, 12, 1913, 32, 395292, 651986, 1615.656095 
15, 1, 5, 1908, 32, 462251, 785017, 1851.402397 
16, 1, 1, 1907, 32, 529207, 917613, 2086.816979 
17, 1, 1, 1906, 32, 596162, 1049677, 2319.583292 
18, 1, 0, 1906, 32, 663118, 1181667, 2554.760432 
19, 1, 297, 1609, 64, 785078, 1414470, 2918.972747 
20, 1, 52, 1557, 64, 905578, 1649157, 3302.232176 
21, 1, 6, 1551, 64, 1025977, 1883867, 3686.984837 
22, 1, 1, 1550, 64, 1146292, 2118363, 4068.755591 
23, 1, 1, 1549, 64, 1266620, 2353298, 4461.101534 
24, 1, 0, 1549, 64, 1386947, 2588245, 4853.124551 
25, 1, 397, 1152, 128, 1592156, 2962550, 5464.279273 
26, 1, 110, 1042, 128, 1792066, 3338559, 6101.680695 
27, 1, 68, 974, 128, 1988942, 3713370, 6760.148616 
28, 1, 35, 939, 128, 2184284, 4089210, 7472.816095 
29, 1, 20, 919, 128, 2378636, 4466234, 8144.803771 
30, 1, 11, 908, 128, 2572419, 4843542, 8825.858819 
31, 1, 5, 903, 128, 2766046, 5220818, 9520.303096 
32, 1, 6, 897, 128, 2959801, 5599353, 10194.218572 
33, 1, 3, 894, 128, 3153288, 5978283, 10895.352250 
34, 1, 0, 894, 128, 3346715, 6357490, 11602.246145 
35, 1, 254, 640, 256, 3631631, 6880886, 12498.184051 
36, 1, 143, 497, 256, 3905529, 7390627, 13449.595642 
37, 1, 107, 390, 256, 4170732, 7890163, 14452.442296 
38, 1, 61, 329, 256, 4431143, 8385226, 15476.786449 
39, 1, 49, 280, 256, 4686824, 8875779, 16551.378447 
40, 1, 39, 241, 256, 4940503, 9363927, 17562.786911 
41, 1, 14, 227, 256, 5192703, 9850890, 18621.440041 
42, 1, 10, 217, 256, 5444268, 10336596, 19684.765007 
43, 1, 6, 211, 256, 5695618, 10822393, 20743.309623 
44, 1, 6, 205, 256, 5946461, 11307709, 21793.969570 
45, 1, 8, 197, 256, 6196786, 11791824, 22839.885116 
46, 1, 9, 188, 256, 6446544, 12275034, 23898.132106 
47, 1, 4, 184, 256, 6695536, 12758176, 24990.841224 
48, 1, 5, 179, 256, 6944160, 13241031, 26039.358048 
49, 1, 1, 178, 256, 7192840, 13723434, 27093.848882 
50, 1, 6, 172, 256, 7441676, 14205366, 28145.511619 
51, 1, 2, 170, 256, 7690164, 14687336, 29198.728359 
52, 1, 1, 169, 256, 7938621, 15169280, 30269.401056 
53, 1, 1, 168, 256, 8187033, 15651107, 31320.670444 
54, 1, 0, 168, 256, 8435556, 16132732, 32381.950653 
55, 1, 72, 96, 512, 8712989, 16657629, 33581.494509 
56, 1, 31, 65, 512, 8982058, 17171332, 34741.315548 
57, 1, 20, 45, 512, 9243797, 17673604, 35924.126904 
58, 1, 1, 44, 512, 9503172, 18173278, 37113.164462 
59, 1, 1, 43, 512, 9762239, 18673058, 38270.688117 
60, 1, 1, 42, 512, 10020903, 19171901, 39423.037918 
61, 1, 3, 39, 512, 10278698, 19670409, 40578.252671 
62, 1, 2, 37, 512, 10535873, 20168489, 41743.943549 
63, 1, 0, 37, 512, 10792499, 20665861, 42917.587144 
64, 1, 11, 26, 1024, 11065638, 21187962, 44145.907390 
65, 1, 4, 22, 1024, 11331515, 21699952, 45358.608384 
66, 1, 2, 20, 1024, 11595565, 22209076, 46557.086387 
67, 1, 1, 19, 1024, 11857739, 22714795, 47769.807525 
68, 1, 0, 19, 1024, 12119935, 23220576, 49005.032164 
69, 1, 5, 14, 2048, 12399462, 23751506, 50304.218240 
70, 1, 3, 11, 2048, 12671015, 24271106, 51591.308265 
71, 1, 0, 11, 2048, 12937909, 24783827, 52834.348542 
72, 1, 2, 9, 4096, 13225137, 25325252, 54192.714185 
73, 1, 2, 7, 4096, 13505889, 25856988, 55507.109669 
74, 1, 0, 7, 4096, 13779994, 26378959, 56769.094159 
75, 1, 3, 4, 8192, 14078798, 26933256, 58100.297660 
76, 1, 2, 2, 8192, 14351414, 27452721, 59370.383066 
77, 1, 0, 2, 8192, 14614551, 27958288, 60540.063835 
78, 1, 0, 2, 16384, 14893993, 28484277, 61827.217598 
79, 1, 1, 1, 32768, 15191358, 29031120, 63140.452243 
80, 1, 0, 1, 32768, 15471275, 29554806, 64390.408849 
81, 1, 1, 0, 65536, 15768132, 30097226, 65735.750829 
