1, 0, 5, 0, 1, 0.287748 
1, 0, 5, 0, 2, 0.721060 
1, 1, 4, 0, 3, 1.198115 
1, 0, 5, 0, 1, 0.240095 
1, 0, 5, 0, 2, 0.640797 
1, 3, 2, 0, 3, 1.229344 
1, 0, 5, 0, 1, 0.254181 
1, 0, 5, 0, 2, 0.694953 
1, 3, 2, 0, 3, 1.365425 
1, 0, 5, 0, 1, 0.265452 
1, 0, 5, 0, 2, 0.723907 
1, 3, 2, 0, 3, 1.431599 
1, 0, 5, 0, 1, 0.265631 
1, 0, 5, 0, 2, 0.591375 
1, 3, 2, 0, 3, 1.042662 
1, 0, 5, 0, 1, 0.239038 
1, 0, 5, 0, 2, 0.542218 
1, 2, 3, 0, 3, 0.958761 
2, 0, 3, 96, 1, 26.591120 
2, 1, 2, 96, 2, 26.777414 
3, 0, 2, 144, 1, 27.874438 
3, 0, 2, 144, 2, 28.001060 
3, 0, 2, 144, 3, 28.159272 
3, 2, 0, 144, 4, 28.315128 
1, 0, 5, 0, 1, 0.250285 
1, 0, 5, 0, 2, 0.557054 
1, 3, 2, 0, 3, 0.942754 
1, 0, 5, 0, 1, 0.199484 
1, 0, 5, 0, 2, 0.396081 
1, 1, 4, 0, 3, 0.653541 
1, 0, 5, 0, 1, 0.187188 
1, 0, 5, 0, 2, 0.394245 
1, 3, 2, 0, 3, 0.628494 
2, 0, 2, 144, 1, 10.617499 
2, 0, 2, 144, 2, 10.685196 
2, 0, 2, 144, 3, 10.783811 
2, 0, 2, 144, 4, 10.984923 
2, 1, 1, 144, 5, 11.161199 
3, 0, 1, 208, 1, 25.893947 
3, 0, 1, 208, 2, 25.936992 
3, 0, 1, 208, 3, 25.985265 
3, 0, 1, 208, 4, 26.098884 
3, 1, 0, 208, 5, 26.160527 
1, 0, 5, 0, 1, 0.202189 
1, 0, 5, 0, 2, 0.464212 
1, 3, 2, 0, 3, 0.865276 
2, 0, 2, 144, 1, 2.803180 
2, 0, 2, 144, 2, 2.916695 
2, 0, 2, 144, 3, 3.146173 
2, 1, 1, 144, 4, 3.340300 
3, 0, 1, 208, 1, 5.832048 
3, 0, 1, 208, 2, 5.903169 
3, 0, 1, 208, 3, 6.016404 
3, 0, 1, 208, 4, 6.147925 
3, 1, 0, 208, 5, 6.226718 
1, 0, 5, 0, 1, 0.203250 
1, 0, 5, 0, 2, 0.475697 
1, 3, 2, 0, 3, 0.870922 
2, 0, 2, 144, 1, 2.803566 
2, 0, 2, 144, 2, 2.931753 
2, 0, 2, 144, 3, 3.186517 
2, 2, 0, 144, 4, 3.372393 
1, 0, 5, 0, 1, 0.216364 
1, 0, 5, 0, 2, 0.493730 
1, 3, 2, 0, 3, 0.906284 
2, 0, 2, 144, 1, 2.822656 
2, 0, 2, 144, 2, 2.941788 
2, 0, 2, 144, 3, 3.197391 
2, 2, 0, 144, 4, 3.359736 
1, 0, 5, 0, 1, 0.200668 
1, 0, 5, 0, 2, 0.457805 
1, 3, 2, 0, 3, 0.851649 
2, 0, 2, 144, 1, 2.814320 
2, 0, 2, 144, 2, 2.929016 
2, 0, 2, 144, 3, 3.154770 
2, 1, 1, 144, 4, 3.348415 
3, 0, 1, 208, 1, 5.973365 
3, 0, 1, 208, 2, 6.046431 
3, 0, 1, 208, 3, 6.154470 
3, 0, 1, 208, 4, 6.281539 
3, 1, 0, 208, 5, 6.357556 
1, 0, 5, 0, 1, 0.212317 
1, 0, 5, 0, 2, 0.460046 
1, 2, 3, 0, 3, 0.810771 
1, 0, 5, 0, 1, 0.218779 
1, 0, 5, 0, 2, 0.493133 
1, 3, 2, 0, 3, 0.897519 
1, 0, 5, 0, 1, 0.204891 
1, 0, 5, 0, 2, 0.481238 
1, 3, 2, 0, 3, 0.876452 
1, 0, 5, 0, 1, 0.201403 
1, 0, 5, 0, 2, 0.455742 
1, 3, 2, 0, 3, 0.831910 
2, 0, 2, 144, 1, 2.807190 
2, 0, 2, 144, 2, 2.910961 
2, 0, 2, 144, 3, 3.134087 
2, 1, 1, 144, 4, 3.322386 
3, 0, 1, 208, 1, 5.802297 
3, 0, 1, 208, 2, 5.863759 
3, 0, 1, 208, 3, 5.970539 
3, 0, 1, 208, 4, 6.097530 
3, 1, 0, 208, 5, 6.174662 
1, 0, 5, 0, 1, 0.202013 
1, 0, 5, 0, 2, 0.460743 
1, 3, 2, 0, 3, 0.850302 
2, 0, 2, 144, 1, 2.832868 
2, 0, 2, 144, 2, 2.989566 
2, 0, 2, 144, 3, 3.280784 
2, 0, 2, 144, 4, 3.620313 
2, 2, 0, 144, 5, 3.811066 
1, 0, 5, 0, 1, 0.201126 
1, 0, 5, 0, 2, 0.386170 
1, 0, 5, 0, 3, 0.655703 
1, 3, 2, 0, 4, 1.044759 
2, 0, 2, 144, 1, 2.992605 
2, 0, 2, 144, 2, 3.076997 
2, 0, 2, 144, 3, 3.187307 
2, 0, 2, 144, 4, 3.436158 
2, 2, 0, 144, 5, 3.578447 
1, 0, 5, 0, 1, 0.208642 
1, 0, 5, 0, 2, 0.501289 
1, 3, 2, 0, 3, 0.901021 
2, 0, 2, 144, 1, 2.840006 
2, 0, 2, 144, 2, 2.960261 
2, 0, 2, 144, 3, 3.216477 
2, 2, 0, 144, 4, 3.362578 
1, 0, 5, 0, 1, 0.204407 
1, 0, 5, 0, 2, 0.467307 
1, 3, 2, 0, 3, 0.866571 
2, 0, 2, 144, 1, 2.843852 
2, 0, 2, 144, 2, 2.956319 
2, 0, 2, 144, 3, 3.190512 
2, 2, 0, 144, 4, 3.338011 
