1, 1628, 741, 2000, 1960365, 3314353, 1282.505702 
2, 97, 644, 2000, 3802199, 6279463, 2483.453663 
3, 80, 564, 2000, 5419673, 8883108, 3645.561809 
4, 74, 490, 2000, 6867692, 11217574, 4790.756874 
5, 72, 418, 2000, 8121785, 13246579, 5918.960595 
6, 60, 358, 2000, 9254497, 15075694, 7050.400855 
7, 46, 312, 2000, 10286104, 16750015, 8186.507424 
8, 40, 272, 2000, 11204065, 18251007, 9335.594419 
9, 39, 233, 2000, 12030832, 19608396, 10484.793241 
10, 21, 212, 2000, 12783632, 20849958, 11630.578519 
11, 22, 190, 2000, 13474734, 21995634, 12777.265341 
12, 27, 163, 2000, 14108436, 23051801, 13920.391755 
13, 13, 150, 2000, 14697908, 24039880, 15055.039034 
14, 11, 139, 2000, 15256817, 24981893, 16349.198063 
15, 11, 128, 2000, 15790255, 25887321, 17473.869368 
16, 10, 118, 2000, 16297818, 26753173, 18596.285816 
17, 8, 110, 2000, 16776872, 27577223, 20007.607901 
18, 7, 103, 2000, 17238201, 28376933, 21147.712833 
19, 18, 85, 2000, 17672893, 29136857, 22258.650026 
20, 7, 78, 2000, 18082344, 29860586, 23344.244065 
21, 0, 78, 2000, 18485805, 30574068, 24409.893005 
21, 18, 60, 4000, 19017286, 31462454, 25732.958570 
22, 7, 53, 4000, 19495454, 32276214, 26991.967093 
23, 7, 46, 4000, 19950786, 33056772, 28231.301382 
24, 5, 41, 4000, 20385155, 33807633, 29428.393524 
25, 1, 40, 4000, 20800600, 34531566, 30598.143495 
26, 3, 37, 4000, 21208196, 35242986, 31763.555831 
27, 7, 30, 4000, 21595701, 35925741, 32896.463915 
28, 2, 28, 4000, 21963700, 36581567, 33985.741909 
29, 3, 25, 4000, 22321382, 37222731, 35064.683917 
30, 2, 23, 4000, 22663201, 37841055, 36112.828827 
31, 2, 21, 4000, 23000168, 38451819, 37149.011815 
32, 1, 20, 4000, 23332426, 39055768, 38172.225850 
33, 0, 20, 4000, 23658616, 39651449, 39179.222896 
33, 1, 19, 8000, 24061652, 40347371, 40363.162318 
34, 1, 18, 8000, 24457983, 41033956, 41514.747201 
35, 1, 17, 8000, 24848194, 41712609, 42642.999651 
36, 1, 16, 8000, 25223406, 42370924, 43732.917018 
37, 0, 16, 8000, 25597988, 43027676, 44818.943760 
37, 3, 13, 16000, 26082520, 43819813, 46147.478845 
38, 2, 11, 16000, 26529186, 44562157, 47413.130831 
39, 0, 11, 16000, 26953724, 45275853, 48668.772803 
39, 6, 5, 32000, 27476963, 46104462, 50156.897895 
40, 1, 4, 32000, 27894727, 46800219, 51421.219837 
41, 0, 4, 32000, 28280943, 47455436, 52604.610888 
41, 0, 4, 64000, 28786313, 48234949, 54063.592848 
41, 4, 0, 128000, 29352122, 49072911, 55653.495866 
1, 1628, 741, 2000, 1960365, 3314353, 1370.234902 
2, 97, 644, 2000, 3802199, 6279463, 2668.133865 
3, 80, 564, 2000, 5419673, 8883108, 3939.238607 
4, 74, 490, 2000, 6867692, 11217574, 5196.964423 
5, 72, 418, 2000, 8121785, 13246579, 6449.892402 
6, 60, 358, 2000, 9254497, 15075694, 7751.397773 
7, 46, 312, 2000, 10286104, 16750015, 9085.689175 
8, 40, 272, 2000, 11204065, 18251007, 10436.548527 
9, 39, 233, 2000, 12030832, 19608396, 11812.362313 
10, 21, 212, 2000, 12783632, 20849958, 13127.780921 
11, 22, 190, 2000, 13474734, 21995634, 14415.256284 
12, 27, 163, 2000, 14108436, 23051801, 15697.578976 
13, 13, 150, 2000, 14697908, 24039880, 16972.285460 
14, 11, 139, 2000, 15256817, 24981893, 18220.099005 
15, 11, 128, 2000, 15790255, 25887321, 19463.368788 
16, 10, 118, 2000, 16297818, 26753173, 20693.538248 
17, 8, 110, 2000, 16776872, 27577223, 21914.786128 
18, 7, 103, 2000, 17238201, 28376933, 23127.513220 
19, 18, 85, 2000, 17672893, 29136857, 24322.727472 
20, 7, 78, 2000, 18082344, 29860586, 25480.709558 
21, 0, 78, 2000, 18485805, 30574068, 26655.382636 
21, 18, 60, 4000, 19017286, 31462454, 28078.063277 
22, 7, 53, 4000, 19495454, 32276214, 29432.969524 
23, 7, 46, 4000, 19950786, 33056772, 30759.975271 
24, 5, 41, 4000, 20385155, 33807633, 32053.738171 
25, 1, 40, 4000, 20800600, 34531566, 33319.761804 
26, 3, 37, 4000, 21208196, 35242986, 34570.161855 
27, 7, 30, 4000, 21595701, 35925741, 35789.833561 
28, 2, 28, 4000, 21963700, 36581567, 36964.735447 
29, 3, 25, 4000, 22321382, 37222731, 38124.524034 
30, 2, 23, 4000, 22663201, 37841055, 39282.408127 
31, 2, 21, 4000, 23000168, 38451819, 40430.511159 
32, 1, 20, 4000, 23332426, 39055768, 41566.423435 
33, 0, 20, 4000, 23658616, 39651449, 42680.568987 
33, 1, 19, 8000, 24061652, 40347371, 43991.730405 
34, 1, 18, 8000, 24457983, 41033956, 45285.289768 
35, 1, 17, 8000, 24848194, 41712609, 46559.976300 
36, 1, 16, 8000, 25223406, 42370924, 47792.456891 
37, 0, 16, 8000, 25597988, 43027676, 49010.328664 
37, 3, 13, 16000, 26082520, 43819813, 50487.737758 
38, 2, 11, 16000, 26529186, 44562157, 51897.108851 
39, 0, 11, 16000, 26953724, 45275853, 53302.864143 
39, 6, 5, 32000, 27476963, 46104462, 54950.076304 
40, 1, 4, 32000, 27894727, 46800219, 56360.600914 
41, 0, 4, 32000, 28280943, 47455436, 57681.489365 
41, 0, 4, 64000, 28786313, 48234949, 59290.151653 
41, 4, 0, 128000, 29352122, 49072911, 61031.491299 
