1, 5, 0, 2000, 28, 43, 3.799103 
1, 5, 0, 2000, 28, 43, 3.581424 
1, 5, 0, 2000, 28, 43, 3.698330 
1, 5, 0, 2000, 28, 43, 3.521059 
1, 5, 0, 2000, 28, 43, 11.213748 
1, 5, 0, 2000, 28, 43, 10.568432 
1, 5, 0, 2000, 28, 43, 11.036131 
1, 5, 0, 2000, 28, 43, 3.521762 
1, 5, 0, 2000, 28, 43, 3.643139 
1, 5, 0, 2000, 28, 43, 3.530418 
1, 5, 0, 2000, 28, 43, 3.688250 
1, 5, 0, 2000, 28, 43, 5.415576 
1, 5, 0, 2000, 28, 43, 5.124045 
1, 5, 0, 2000, 28, 43, 6.751365 
1, 5, 0, 2000, 28, 43, 6.831978 
1, 5, 0, 2000, 28, 43, 6.220427 
1, 5, 0, 2000, 28, 43, 3.476408 
1, 5, 0, 2000, 28, 43, 3.192197 
1, 5, 0, 2000, 28, 43, 3.501740 
1, 5, 0, 2000, 28, 43, 3.517214 
1, 5, 0, 2000, 28, 43, 3.528500 
1, 5, 0, 2000, 28, 43, 3.601572 
1, 5, 0, 2000, 28, 43, 5.468313 
1, 5, 0, 2000, 28, 43, 6.481983 
1, 5, 0, 2000, 28, 43, 6.855414 
1, 5, 0, 2000, 28, 43, 5.457548 
1, 5, 0, 2000, 28, 43, 5.688133 
1, 5, 0, 2000, 28, 43, 6.130827 
1, 5, 0, 2000, 28, 43, 6.279137 
1, 5, 0, 2000, 28, 43, 6.146556 
1, 5, 0, 2000, 28, 43, 6.233385 
1, 5, 0, 2000, 28, 43, 6.098006 
1, 5, 0, 2000, 28, 43, 6.195637 
1, 5, 0, 2000, 28, 43, 5.966892 
1, 5, 0, 2000, 28, 43, 6.021469 
1, 5, 0, 2000, 28, 43, 5.808233 
1, 5, 0, 2000, 28, 43, 9.469956 
1, 5, 0, 2000, 28, 43, 5.826466 
1, 3, 2, 2000, 28, 43, 3.882627 
1, 3, 2, 2000, 28, 43, 3.866655 
2, 0, 2, 2000, 56, 86, 348.952882 
2, 0, 2, 4000, 84, 129, 350.489137 
2, 0, 2, 8000, 112, 172, 352.033265 
2, 0, 2, 16000, 140, 215, 353.597998 
2, 0, 2, 32000, 168, 258, 355.142535 
2, 2, 0, 2000, 56, 86, 388.802311 
1, 3, 2, 2000, 28, 43, 3.876880 
2, 2, 0, 2000, 56, 86, 27.056648 
1, 5, 0, 2000, 28, 43, 5.674621 
1, 3, 2, 2000, 28, 43, 3.848989 
2, 0, 2, 4000, 56, 86, 40.221061 
2, 0, 2, 8000, 84, 129, 41.794396 
2, 0, 2, 16000, 112, 172, 43.345266 
1, 3, 2, 2000, 28, 43, 3.874464 
2, 2, 0, 4000, 56, 86, 29.132154 
1, 3, 2, 2000, 28, 43, 4.057663 
1, 3, 2, 2000, 28, 43, 4.308067 
2, 2, 0, 4000, 56, 86, 61.928851 
2, 2, 0, 4000, 56, 86, 257.311117 
2, 2, 0, 4000, 56, 86, 273.704287 
2, 2, 0, 4000, 56, 86, 391.039735 
