2, 1, 4, 1, 2000, 28, 43, 2.575061 
3, 2, 1, 0, 2000, 56, 86, 5.634228 
2, 1, 4, 1, 2000, 28, 43, 2.828344 
3, 2, 1, 0, 2000, 56, 86, 6.019234 
2, 1, 4, 1, 2000, 28, 43, 2.657029 
3, 2, 1, 0, 2000, 56, 86, 6.707635 
2, 1, 4, 1, 2000, 28, 43, 2.525013 
3, 2, 1, 0, 2000, 56, 86, 5.688271 
2, 1, 5, 0, 2000, 28, 43, 2.949238 
2, 1, 5, 0, 2000, 28, 43, 3.164860 
2, 1, 5, 0, 2000, 28, 43, 5.562783 
2, 1, 5, 0, 2000, 28, 43, 5.709542 
2, 1, 4, 1, 2000, 28, 43, 5.189498 
3, 1, 1, 0, 2000, 56, 86, 9.883095 
1, 5, 0, 2000, 28, 43, 6.041577 
