1, 5, 0, 2000, 28, 43, 6.495296 
1, 5, 0, 2000, 28, 43, 6.517783 
1, 5, 1, 2000, 2028, 3728, 40.147923 
2, 0, 1, 2000, 4056, 7365, 79.100942 
2, 0, 1, 4000, 8084, 13950, 147.906166 
2, 0, 1, 8000, 16112, 27260, 295.695727 
2, 0, 1, 16000, 32140, 52065, 530.365625 
2, 1, 0, 32000, 54134, 84277, 815.375132 
1, 5, 1, 2000, 2028, 3728, 42.379685 
1, 5, 0, 2000, 28, 43, 6.573391 
1, 5, 0, 2000, 28, 43, 6.793126 
1, 5, 0, 2000, 28, 43, 6.863283 
1, 5, 0, 2000, 28, 43, 5.426793 
1, 5, 0, 2000, 28, 43, 5.536642 
1, 5, 0, 2000, 28, 43, 4.777541 
1, 5, 0, 2000, 28, 43, 4.754527 
1, 4, 1, 2000, 20, 29, 3.807105 
1, 1, 0, 2000, 48, 72, 6.799169 
1, 4, 1, 2000, 20, 29, 3.854930 
1, 1, 0, 2000, 48, 72, 6.935452 
1, 4, 1, 2000, 20, 29, 4.119398 
1, 1, 0, 2000, 48, 72, 6.996513 
1, 5, 0, 2000, 28, 43, 4.897450 
