1, 1, 0, 5, 1, 5, 0, 0.169044 
1, 1, 0, 5, 2, 15, 10, 0.483746 
1, 1, 0, 5, 4, 35, 37, 1.008723 
1, 1, 0, 5, 1, 5, 0, 0.158201 
1, 1, 0, 5, 2, 15, 10, 0.457849 
1, 1, 0, 5, 4, 35, 37, 0.959015 
2, 1, 3, 2, 8, 63, 80, 2.309492 
3, 2, 0, 2, 8, 91, 123, 3.722347 
4, 2, 2, 0, 16, 119, 166, 5.522945 
1, 1, 0, 5, 1, 5, 0, 0.156958 
1, 1, 0, 5, 2, 15, 10, 0.457438 
1, 1, 0, 5, 4, 35, 37, 0.964646 
1, 1, 0, 5, 1, 5, 0, 0.169217 
1, 1, 0, 5, 2, 15, 10, 0.496587 
1, 1, 0, 5, 4, 35, 37, 1.051375 
2, 1, 3, 2, 8, 63, 80, 5.068921 
1, 1, 0, 5, 1, 5, 0, 0.152924 
1, 1, 0, 5, 2, 15, 10, 0.452365 
1, 1, 0, 5, 4, 35, 37, 0.968477 
2, 1, 3, 2, 8, 63, 80, 4.891322 
3, 1, 0, 2, 8, 91, 123, 6.253423 
4, 1, 2, 0, 16, 119, 166, 10.085759 
1, 1, 0, 5, 1, 5, 0, 0.152139 
1, 1, 0, 5, 2, 15, 10, 0.467707 
1, 1, 0, 5, 4, 35, 37, 0.975604 
2, 1, 3, 2, 8, 63, 80, 4.834868 
3, 1, 0, 2, 8, 91, 123, 6.188834 
4, 1, 2, 0, 16, 119, 166, 10.050354 
1, 1, 0, 5, 1, 5, 0, 0.149787 
1, 1, 0, 5, 2, 15, 10, 0.445114 
1, 1, 0, 5, 4, 35, 37, 0.959717 
2, 1, 3, 2, 8, 63, 80, 4.845447 
3, 1, 0, 2, 8, 91, 123, 6.204187 
4, 1, 2, 0, 16, 119, 166, 9.981972 
1, 1, 0, 5, 1, 5, 0, 0.150580 
1, 1, 0, 5, 2, 15, 10, 0.480816 
1, 1, 0, 5, 4, 35, 37, 1.006511 
2, 1, 3, 2, 8, 63, 80, 6.833320 
3, 1, 0, 2, 8, 91, 123, 8.809292 
4, 1, 2, 0, 16, 119, 166, 14.899862 
2, 1, 3, 2, 8, 28, 43, 3.866735 
3, 1, 0, 2, 8, 56, 86, 5.212618 
4, 1, 2, 0, 16, 84, 129, 9.205857 
2, 1, 5, 0, 16, 28, 43, 5.678145 
2, 1, 5, 0, 16, 28, 43, 5.584671 
2, 1, 5, 0, 16, 28, 43, 5.385589 
2, 1, 5, 0, 16, 28, 43, 1.762430 
2, 1, 5, 0, 16, 28, 43, 1.898808 
