1, 5, 0, 2000, 30, 43, 2.557997 
1, 5, 0, 2000, 30, 43, 2.577169 
1, 5, 0, 2000, 28, 43, 13.999627 
1, 5, 0, 2000, 28, 43, 2.487668 
1, 5, 0, 2000, 28, 43, 2.491079 
1, 5, 0, 2000, 28, 43, 2.551369 
1, 5, 0, 2000, 28, 43, 2.736037 
1, 5, 0, 2000, 28, 43, 2.426156 
1, 5, 0, 2000, 28, 43, 2.503456 
1, 5, 0, 2000, 28, 43, 2.513033 
1, 5, 0, 2000, 28, 43, 2.569415 
1, 5, 0, 2000, 28, 43, 2.524291 
1, 5, 0, 2000, 28, 43, 2.948424 
1, 5, 0, 2000, 28, 43, 2.472072 
1, 5, 0, 2000, 28, 43, 2.629940 
1, 5, 0, 2000, 28, 43, 2.568422 
1, 5, 0, 2000, 28, 43, 2.516626 
1, 5, 0, 2000, 28, 43, 2.626117 
1, 5, 0, 2000, 28, 43, 3.267015 
1, 5, 0, 2000, 28, 43, 2.322396 
1, 5, 0, 2000, 28, 43, 2.324042 
1, 5, 0, 2000, 28, 43, 2.089579 
1, 5, 0, 2000, 28, 43, 2.152762 
1, 5, 0, 2000, 28, 43, 2.211786 
