2, 1, 3, 2, 8, 28, 43, 2.513969 
3, 1, 0, 2, 8, 56, 86, 3.375577 
4, 1, 2, 0, 16, 84, 129, 5.517882 
2, 1, 3, 2, 8, 28, 43, 2.436353 
3, 1, 0, 2, 8, 56, 86, 3.352671 
4, 1, 2, 0, 16, 84, 129, 5.719969 
2, 1, 3, 2, 8, 28, 43, 2.374974 
3, 1, 0, 2, 8, 56, 86, 3.224320 
4, 1, 2, 0, 16, 84, 129, 5.525227 
2, 1, 3, 2, 8, 28, 43, 2.469506 
3, 1, 0, 2, 8, 56, 86, 3.327919 
4, 1, 2, 0, 16, 84, 129, 5.759938 
2, 1, 3, 2, 8, 28, 43, 2.452321 
3, 1, 0, 2, 8, 56, 86, 3.455483 
4, 1, 2, 0, 16, 84, 129, 6.102713 
2, 1, 3, 2, 8, 28, 43, 2.348499 
3, 1, 0, 2, 8, 56, 86, 3.206820 
4, 1, 2, 0, 16, 84, 129, 5.651591 
2, 1, 3, 2, 8, 28, 43, 2.462864 
3, 1, 0, 2, 8, 56, 86, 3.323611 
4, 1, 2, 0, 16, 84, 129, 5.672096 
2, 1, 3, 2, 8, 28, 43, 2.485420 
3, 1, 0, 2, 8, 56, 86, 3.331107 
4, 1, 2, 0, 16, 84, 129, 5.644413 
