1, 1, 0, 2368, 1, 2368, 0, 20.145403 
2, 1, 1, 2367, 2, 7103, 4734, 49.833408 
3, 1, 0, 2367, 2, 11838, 9468, 81.081279 
4, 1, 5, 2362, 4, 21302, 23593, 123.486820 
5, 1, 0, 2362, 4, 30763, 37718, 167.289061 
6, 1, 100, 2262, 8, 49352, 73983, 243.155846 
7, 1, 1, 2261, 8, 67914, 110248, 317.960150 
8, 1, 0, 2261, 8, 86476, 146513, 393.970026 
9, 1, 139, 2122, 16, 122273, 184826, 502.731288 
10, 1, 2, 2120, 16, 157877, 223139, 612.677680 
11, 1, 0, 2120, 16, 193479, 261452, 722.742633 
12, 1, 167, 1953, 32, 261198, 383991, 900.460106 
13, 1, 28, 1925, 32, 328296, 517651, 1087.933005 
14, 1, 12, 1913, 32, 395292, 651986, 1276.344984 
15, 1, 5, 1908, 32, 462251, 785017, 1465.908782 
16, 1, 1, 1907, 32, 529207, 917613, 1655.486204 
17, 1, 1, 1906, 32, 596162, 1049677, 1847.417617 
18, 1, 0, 1906, 32, 663118, 1181667, 2038.860473 
19, 1, 297, 1609, 64, 785078, 1414470, 2342.018549 
20, 1, 52, 1557, 64, 905578, 1649157, 2653.778466 
21, 1, 6, 1551, 64, 1025977, 1883867, 2968.077560 
22, 1, 1, 1550, 64, 1146292, 2118363, 3296.291970 
23, 1, 1, 1549, 64, 1266620, 2353298, 3622.894991 
24, 1, 0, 1549, 64, 1386947, 2588245, 3955.085495 
25, 1, 397, 1152, 128, 1592156, 2962550, 4463.501069 
26, 1, 110, 1042, 128, 1792066, 3338559, 5003.624015 
27, 1, 68, 974, 128, 1988942, 3713370, 5551.349048 
28, 1, 35, 939, 128, 2184284, 4089210, 6109.834525 
29, 1, 20, 919, 128, 2378636, 4466234, 6690.489411 
30, 1, 11, 908, 128, 2572419, 4843542, 7267.115134 
31, 1, 5, 903, 128, 2766046, 5220818, 7832.430168 
32, 1, 6, 897, 128, 2959801, 5599353, 8406.992474 
33, 1, 3, 894, 128, 3153288, 5978283, 8982.385931 
34, 1, 0, 894, 128, 3346715, 6357490, 9542.900620 
35, 1, 254, 640, 256, 3631631, 6880886, 10283.358505 
36, 1, 143, 497, 256, 3905529, 7390627, 11081.823869 
37, 1, 107, 390, 256, 4170732, 7890163, 11914.583007 
38, 1, 61, 329, 256, 4431143, 8385226, 12756.548090 
39, 1, 49, 280, 256, 4686824, 8875779, 13628.735439 
40, 1, 39, 241, 256, 4940503, 9363927, 14510.452792 
41, 1, 14, 227, 256, 5192703, 9850890, 15406.025554 
42, 1, 10, 217, 256, 5444268, 10336596, 16298.177818 
43, 1, 6, 211, 256, 5695618, 10822393, 17205.455392 
44, 1, 6, 205, 256, 5946461, 11307709, 18093.572897 
45, 1, 8, 197, 256, 6196786, 11791824, 18949.240226 
46, 1, 9, 188, 256, 6446544, 12275034, 19802.544152 
47, 1, 4, 184, 256, 6695536, 12758176, 20668.601397 
48, 1, 5, 179, 256, 6944160, 13241031, 21549.021522 
49, 1, 1, 178, 256, 7192840, 13723434, 22438.884825 
50, 1, 6, 172, 256, 7441676, 14205366, 23335.650325 
51, 1, 2, 170, 256, 7690164, 14687336, 24214.253154 
52, 1, 1, 169, 256, 7938621, 15169280, 25099.416116 
53, 1, 1, 168, 256, 8187033, 15651107, 25982.486922 
54, 1, 0, 168, 256, 8435556, 16132732, 26902.445204 
55, 1, 72, 96, 512, 8712989, 16657629, 27955.200537 
56, 1, 31, 65, 512, 8982058, 17171332, 29006.745891 
57, 1, 20, 45, 512, 9243797, 17673604, 30059.044260 
58, 1, 1, 44, 512, 9503172, 18173278, 31112.480569 
59, 1, 1, 43, 512, 9762239, 18673058, 32127.635865 
60, 1, 1, 42, 512, 10020903, 19171901, 33166.013942 
61, 1, 3, 39, 512, 10278698, 19670409, 34187.468063 
62, 1, 2, 37, 512, 10535873, 20168489, 35204.871378 
63, 1, 0, 37, 512, 10792499, 20665861, 36206.287816 
64, 1, 11, 26, 1024, 11065638, 21187962, 37318.785524 
65, 1, 4, 22, 1024, 11331515, 21699952, 38385.106678 
66, 1, 2, 20, 1024, 11595565, 22209076, 39455.521438 
67, 1, 1, 19, 1024, 11857739, 22714795, 40488.440893 
68, 1, 0, 19, 1024, 12119935, 23220576, 41560.944453 
69, 1, 5, 14, 2048, 12399462, 23751506, 42712.952531 
70, 1, 3, 11, 2048, 12671015, 24271106, 43847.382294 
71, 1, 0, 11, 2048, 12937909, 24783827, 44947.072011 
72, 1, 2, 9, 4096, 13225137, 25325252, 46127.741895 
73, 1, 2, 7, 4096, 13505889, 25856988, 47298.013914 
74, 1, 0, 7, 4096, 13779994, 26378959, 48428.973535 
75, 1, 3, 4, 8192, 14078798, 26933256, 49648.062091 
76, 1, 2, 2, 8192, 14351414, 27452721, 50764.437510 
77, 1, 0, 2, 8192, 14614551, 27958288, 51807.826855 
78, 1, 0, 2, 16384, 14893993, 28484277, 52920.942103 
79, 1, 1, 1, 32768, 15191358, 29031120, 54102.844368 
80, 1, 0, 1, 32768, 15471275, 29554806, 55187.956260 
81, 1, 1, 0, 65536, 15768132, 30097226, 56337.512697 
