2, 1, 5, 0, 2000, 28, 43, 3.707664 
2, 1, 5, 0, 2000, 28, 43, 7.054360 
2, 1, 5, 0, 2000, 28, 43, 7.493966 
2, 1, 5, 0, 2000, 28, 43, 2.994432 
2, 1, 5, 0, 2000, 28, 43, 3.047044 
2, 1, 5, 0, 2000, 28, 43, 5.930060 
2, 1, 5, 0, 2000, 28, 43, 3.094897 
2, 1, 5, 0, 2000, 28, 43, 6.719646 
2, 1, 5, 0, 2000, 28, 43, 8.086386 
2, 1, 4, 1, 2000, 28, 43, 5.750764 
3, 1, 1, 0, 2000, 56, 86, 11.671983 
2, 1, 5, 0, 2000, 28, 43, 2.873000 
2, 1, 5, 0, 2000, 28, 43, 2.828964 
2, 1, 5, 0, 2000, 28, 43, 6.640113 
2, 1, 5, 0, 2000, 28, 43, 6.561442 
2, 1, 5, 0, 2000, 28, 43, 6.535692 
2, 1, 5, 0, 2000, 28, 43, 6.759390 
2, 1, 5, 0, 2000, 28, 43, 6.468814 
2, 1, 5, 0, 2000, 28, 43, 4.312212 
2, 1, 5, 0, 2000, 28, 43, 4.503615 
2, 1, 5, 0, 2000, 28, 43, 4.234902 
2, 1, 5, 0, 2000, 28, 43, 1.889441 
2, 1, 5, 0, 2000, 28, 43, 1.900463 
2, 1, 5, 0, 2000, 28, 43, 1.925561 
2, 1, 5, 0, 2000, 28, 43, 1.919038 
2, 1, 5, 0, 2000, 28, 43, 1.952222 
2, 1, 5, 0, 2000, 28, 43, 2.007781 
2, 1, 5, 0, 2000, 28, 43, 1.999605 
2, 1, 5, 0, 2000, 28, 43, 2.047806 
2, 1, 5, 0, 2000, 28, 43, 1.952367 
2, 1, 5, 0, 2000, 28, 43, 1.832861 
