1, 1537, 832, 2000, 2129893, 3792124, 1771.217928 
2, 410, 422, 2000, 3296990, 5694271, 2709.983085 
3, 297, 125, 2000, 3851279, 6658183, 3597.302070 
4, 63, 62, 2000, 4247633, 7374670, 4276.042994 
5, 39, 23, 2000, 4552388, 7950385, 4770.258765 
6, 15, 8, 2000, 4821276, 8467737, 5142.255434 
7, 3, 5, 2000, 5078966, 8971447, 5478.514612 
8, 0, 5, 2000, 5334504, 9470202, 5809.012478 
8, 0, 5, 4000, 5604722, 9988241, 6173.872606 
8, 3, 2, 8000, 5871292, 10501555, 6542.433890 
9, 0, 2, 8000, 6132757, 11009778, 6895.455432 
9, 1, 1, 16000, 6400342, 11523894, 7264.002173 
10, 1, 0, 16000, 6658336, 12025840, 7603.141563 
